0x7fffffdcf8{num_added = 10000}
 interval[0]=(num added = 2)[ 1 2 ]
 interval[1]=(num added = 2)[ 3 4 ]
 interval[2]=(num added = 4)[ 5 6 7 8 ]
 interval[3]=(num added = 8)[ 9 10 11 12 13 14 15 16 ]
 interval[4]=(num added = 16)[ 17 18 19 20 21 22 23 24 25 26 27 28 29 30 31 32 ]
 interval[5]=(num added = 32)[ 33 34 35 36 37 38 39 40 41 42 43 44 45 46 47 48 49 50 51 52 53 54 55 56 57 58 59 60 61 62 63 64 ]
 interval[6]=(num added = 64)[ 65 66 67 68 69 70 71 72 73 74 75 76 77 78 79 80 81 82 83 84 85 86 87 88 89 90 91 92 93 94 95 96 97 98 99 100 101 102 103 104 105 106 107 108 109 110 111 112 113 114 115 116 117 118 119 120 121 122 123 124 125 126 127 128 ]
 interval[7]=(num added = 128)[ 129 130 131 132 133 134 135 136 137 138 139 140 141 142 143 144 145 146 147 148 149 150 151 152 153 154 155 156 157 158 159 160 161 162 163 164 165 166 167 168 169 170 171 172 173 174 175 176 177 178 179 180 181 182 183 184 185 186 187 188 189 190 191 192 193 194 195 196 197 198 199 200 201 202 203 204 205 206 207 208 209 210 211 212 213 214 215 216 217 218 219 220 221 222 223 224 225 226 227 228 229 230 231 232 233 234 235 236 237 238 239 240 241 242 243 244 245 246 247 248 249 250 251 252 253 254 255 256 ]
 interval[8]=(num added = 256)[ 257 258 259 260 261 262 263 264 265 266 267 268 269 270 271 272 273 274 275 276 277 278 279 280 281 282 283 284 285 286 287 288 289 290 291 292 293 294 295 296 297 298 299 300 301 302 303 304 305 306 307 308 309 310 311 312 313 314 315 316 317 318 319 320 321 322 323 324 325 326 327 328 329 330 331 332 333 334 335 336 337 338 339 340 341 342 343 344 345 346 347 348 349 350 495 352 353 354 355 356 357 358 496 360 361 362 363 364 365 366 367 368 369 370 371 372 373 374 375 376 377 378 379 380 381 382 383 384 385 386 387 388 389 390 391 392 393 394 395 396 397 398 399 400 401 402 403 404 405 406 407 408 409 410 411 412 413 414 415 416 417 418 419 420 421 422 423 424 425 426 427 428 429 430 431 432 433 434 435 436 437 438 439 440 441 442 443 444 445 446 447 448 449 450 451 452 453 454 455 456 457 458 459 460 461 462 463 464 465 466 467 468 469 470 471 472 473 474 475 476 477 478 479 480 481 482 483 484 485 486 487 488 489 490 491 492 493 494 504 498 508 503 509 501 500 506 512 511 502 499 510 505 507 497 ]
 interval[9]=(num added = 512)[ 514 515 516 518 523 524 529 532 534 538 539 541 543 544 546 549 551 554 556 564 568 570 572 573 574 578 579 581 584 587 589 590 591 592 595 596 597 599 600 601 602 603 606 607 608 609 610 611 612 616 618 619 624 625 630 631 632 633 634 635 638 639 642 648 649 651 652 656 659 660 663 664 670 676 678 679 682 684 685 686 687 695 699 700 702 704 705 709 710 712 713 714 715 716 720 721 722 723 724 725 727 730 732 733 735 736 737 738 743 745 748 752 753 754 755 757 758 759 760 762 763 765 766 767 768 770 773 774 775 776 778 779 782 783 786 788 789 790 791 793 794 796 797 798 799 801 805 806 808 809 810 813 814 816 817 821 823 824 825 828 829 832 833 841 842 843 845 848 850 852 859 860 862 864 866 869 870 872 875 877 878 880 881 882 884 886 888 890 891 892 893 897 898 901 904 908 910 913 915 916 917 920 921 926 928 929 931 933 938 939 940 941 942 944 945 947 949 950 952 953 958 959 961 964 966 968 972 974 976 977 978 981 982 984 987 988 990 991 995 996 999 1000 1002 1007 1008 1009 1011 1013 1014 1015 1017 1021 1022 1023 ]
 interval[10]=(num added = 1024)[ 1027 1028 1029 1039 1040 1041 1049 1050 1052 1056 1061 1063 1064 1070 1074 1075 1085 1092 1094 1105 1106 1109 1111 1112 1120 1132 1138 1141 1145 1154 1155 1167 1171 1173 1177 1182 1183 1194 1195 1197 1200 1203 1204 1214 1216 1222 1224 1230 1233 1246 1248 1251 1252 1253 1255 1257 1267 1269 1270 1273 1278 1279 1281 1282 1290 1294 1295 1297 1298 1302 1311 1312 1313 1314 1317 1318 1319 1320 1322 1328 1331 1335 1336 1343 1348 1353 1355 1356 1357 1363 1364 1367 1368 1369 1375 1383 1385 1389 1398 1403 1404 1406 1408 1412 1413 1424 1428 1431 1435 1444 1445 1446 1448 1449 1455 1458 1460 1469 1472 1476 1479 1485 1486 1490 1497 1501 1502 1504 1505 1506 1511 1518 1519 1522 1523 1524 1525 1527 1541 1548 1553 1558 1584 1589 1590 1591 1594 1596 1598 1604 1605 1606 1610 1611 1616 1623 1625 1633 1634 1638 1643 1645 1649 1653 1664 1672 1674 1675 1677 1678 1685 1691 1692 1695 1701 1702 1710 1712 1720 1722 1724 1729 1734 1739 1747 1752 1754 1761 1762 1764 1766 1767 1770 1775 1782 1786 1787 1791 1799 1813 1815 1816 1822 1823 1832 1844 1846 1847 1849 1854 1856 1864 1865 1869 1870 1883 1887 1889 1896 1904 1906 1907 1916 1917 1918 1931 1937 1941 1949 1951 1952 1956 1960 1970 1971 1974 1980 1984 1987 1988 1996 1999 2005 2006 2012 2017 2029 2033 2034 2040 2041 2042 2043 2048 ]
 interval[11]=(num added = 2048)[ 2055 2056 2060 2063 2067 2068 2069 2081 2098 2110 2124 2135 2141 2148 2151 2155 2158 2167 2179 2181 2185 2193 2207 2212 2213 2230 2238 2244 2246 2256 2260 2265 2266 2270 2272 2286 2289 2293 2297 2302 2305 2313 2318 2329 2333 2344 2347 2355 2361 2362 2367 2377 2386 2411 2416 2430 2434 2438 2447 2453 2455 2478 2485 2486 2503 2508 2521 2532 2537 2540 2542 2554 2558 2560 2562 2563 2572 2581 2583 2604 2611 2616 2617 2639 2641 2651 2662 2671 2684 2688 2695 2698 2705 2706 2709 2714 2717 2728 2738 2757 2764 2778 2798 2815 2819 2822 2826 2851 2863 2865 2872 2879 2899 2903 2916 2928 2934 2939 2945 2963 2971 2980 3001 3004 3006 3024 3025 3027 3028 3030 3039 3051 3052 3076 3077 3087 3098 3102 3105 3113 3129 3133 3152 3164 3176 3185 3207 3208 3209 3240 3244 3245 3247 3262 3268 3296 3299 3308 3320 3324 3338 3339 3345 3350 3351 3356 3362 3372 3392 3415 3422 3431 3435 3447 3458 3462 3465 3469 3478 3491 3498 3510 3515 3528 3539 3544 3546 3556 3558 3566 3567 3588 3593 3602 3608 3627 3629 3630 3641 3645 3648 3661 3668 3681 3685 3688 3695 3706 3714 3720 3725 3738 3742 3748 3750 3752 3760 3780 3781 3790 3794 3797 3800 3801 3822 3825 3839 3860 3869 3870 3888 3893 3902 3907 3915 3916 3919 3938 3941 3954 3957 3960 3974 3986 3999 4022 4024 4026 4034 4035 4047 4069 4084 4095 ]
 interval[12]=(num added = 4096)[ 4104 4146 4163 4174 4192 4216 4218 4226 4240 4243 4276 4313 4326 4371 4381 4388 4391 4403 4420 4429 4433 4437 4440 4467 4476 4486 4490 4521 4528 4529 4534 4557 4559 4581 4586 4594 4617 4622 4657 4669 4680 4694 4700 4705 4729 4730 4752 4807 4818 4823 4845 4862 4866 4868 4877 4898 4919 4922 4923 4947 4982 4983 5014 5017 5023 5030 5051 5055 5065 5066 5072 5083 5102 5106 5118 5120 5147 5157 5176 5180 5194 5238 5262 5326 5350 5351 5357 5372 5404 5419 5425 5436 5458 5463 5477 5480 5490 5493 5518 5522 5529 5557 5558 5569 5618 5624 5634 5660 5663 5674 5686 5687 5726 5740 5747 5753 5771 5785 5806 5816 5853 5872 5885 5900 5907 5946 6028 6053 6061 6062 6076 6085 6094 6116 6117 6157 6158 6173 6181 6206 6211 6233 6261 6274 6281 6311 6336 6345 6370 6371 6374 6378 6429 6443 6461 6475 6484 6522 6532 6547 6588 6620 6635 6671 6672 6687 6713 6739 6747 6775 6821 6827 6835 6860 6893 6895 6915 6927 6969 6973 6990 7019 7031 7043 7050 7074 7090 7093 7108 7112 7130 7155 7164 7173 7200 7204 7206 7234 7240 7245 7261 7262 7277 7308 7329 7357 7367 7374 7408 7417 7434 7468 7469 7492 7493 7523 7544 7600 7603 7616 7631 7639 7646 7677 7698 7706 7733 7734 7757 7779 7789 7798 7833 7843 7869 7880 7883 7916 7920 7944 7952 7974 7993 8012 8014 8043 8074 8088 8106 8140 8144 8157 8170 8188 ]
 interval[13]=(num added = 1808)[ 8202 8206 8208 8210 8216 8220 8229 8238 8248 8256 8258 8269 8272 8275 8277 8279 8286 8293 8298 8314 8323 8325 8342 8350 8362 8364 8365 8366 8372 8373 8385 8386 8394 8401 8410 8415 8443 8446 8453 8457 8461 8467 8468 8469 8471 8473 8478 8482 8487 8491 8501 8503 8508 8517 8537 8547 8548 8550 8559 8563 8566 8569 8583 8596 8597 8601 8603 8604 8613 8630 8639 8647 8655 8664 8689 8700 8719 8723 8735 8744 8746 8749 8751 8752 8755 8777 8787 8802 8815 8830 8832 8836 8840 8855 8860 8867 8872 8874 8892 8895 8899 8913 8918 8932 8959 8964 8969 8974 8977 8982 8984 8994 9003 9004 9017 9023 9036 9041 9042 9052 9062 9071 9107 9110 9116 9123 9148 9149 9150 9158 9160 9162 9168 9171 9179 9187 9192 9195 9196 9211 9214 9233 9235 9244 9253 9270 9276 9277 9284 9287 9292 9301 9317 9318 9323 9339 9342 9345 9352 9369 9377 9379 9396 9399 9407 9412 9413 9440 9444 9449 9451 9464 9466 9469 9473 9481 9488 9498 9500 9506 9508 9521 9522 9536 9549 9553 9560 9564 9567 9576 9580 9589 9602 9612 9617 9618 9619 9626 9630 9634 9640 9654 9662 9667 9669 9674 9689 9690 9705 9706 9707 9711 9721 9730 9743 9744 9749 9750 9755 9771 9776 9781 9788 9792 9805 9806 9817 9821 9827 9834 9836 9845 9847 9860 9870 9871 9873 9876 9889 9895 9902 9903 9914 9924 9929 9935 9937 9957 9962 9967 9976 9979 9983 9993 ]
